# 131 tmembers, 27 teams, 10 attributes, 10 disagreements, 4 to 5 tmembers per team
131 27 10 10 4 5
# Attribute weight
100 90 80 70 60 50 40 30 20 10
# Labels associated to each tmember
0 0 0 5 6 2 4 0 0 0
3 3 0 7 4 0 1 0 0 4
4 3 1 7 7 1 3 1 0 5
1 3 0 6 6 2 0 1 1 2
1 2 0 5 2 2 2 1 0 2
4 0 1 5 7 1 1 0 1 1
1 0 1 2 6 1 2 0 0 0
1 2 1 5 5 3 1 0 0 0
4 0 1 0 1 1 2 1 0 4
0 0 1 2 5 2 4 0 0 3
2 3 0 4 7 1 3 0 1 4
0 1 0 5 1 3 3 0 1 7
2 1 1 4 5 0 0 1 1 6
2 3 0 6 7 0 3 1 0 2
2 0 1 1 5 3 1 1 0 6
1 3 1 1 1 2 4 1 0 0
3 3 0 4 2 0 0 1 1 0
2 1 0 4 5 2 1 1 0 7
1 2 1 1 0 2 3 1 0 5
4 2 0 6 2 0 3 0 1 6
3 1 0 7 5 3 4 1 1 2
2 0 0 2 0 2 3 1 0 2
1 2 1 3 5 0 4 0 1 1
0 3 0 7 7 3 2 0 0 0
0 3 0 5 2 0 1 0 0 4
4 0 1 2 7 1 1 0 0 7
4 2 0 3 1 0 4 1 0 5
4 1 0 7 5 1 1 1 0 6
2 1 0 1 2 1 0 1 0 6
2 2 0 1 7 2 1 0 0 5
0 1 0 2 7 2 2 0 0 6
2 3 1 7 7 2 0 1 0 1
0 1 0 7 6 1 2 1 1 4
1 2 0 7 7 3 0 1 1 2
4 1 1 2 6 1 4 1 0 7
2 1 0 5 0 1 0 0 0 6
0 1 1 7 6 2 2 0 0 2
2 3 0 5 4 1 3 0 0 0
1 3 0 4 6 1 2 0 0 6
0 0 0 7 6 3 0 1 0 4
4 1 0 0 6 2 0 0 0 4
1 2 0 3 6 3 3 1 0 1
4 0 0 0 0 2 2 0 0 5
1 1 1 3 7 1 3 0 1 1
3 0 1 6 3 0 4 1 0 7
4 2 1 7 1 3 0 0 1 2
0 0 0 6 2 1 2 1 0 3
0 1 0 7 1 0 2 1 1 6
0 2 0 5 5 1 3 0 1 3
1 0 0 3 0 2 3 0 0 3
0 1 1 3 4 2 1 1 0 0
3 1 0 3 1 3 1 1 1 1
2 1 0 4 0 2 2 1 1 5
4 0 0 2 7 3 4 1 1 5
0 1 1 5 7 2 1 0 1 4
4 0 1 2 2 3 0 0 1 5
1 2 0 7 7 1 2 1 0 7
0 2 0 0 5 0 2 0 0 7
4 1 1 7 0 1 3 0 1 3
0 0 1 0 3 2 0 0 1 7
4 1 0 0 3 3 4 1 1 1
4 2 1 1 6 1 2 0 0 7
0 1 1 6 7 0 2 1 0 1
3 3 1 1 0 2 3 1 1 5
4 3 0 7 7 1 3 0 0 2
2 0 0 1 4 2 1 0 1 3
2 1 1 5 4 2 2 0 1 1
1 2 1 5 6 2 1 0 1 6
2 2 1 5 2 1 4 0 0 1
0 1 1 7 2 2 1 0 0 2
3 1 1 5 3 0 2 0 1 6
2 3 1 5 2 1 3 0 0 6
2 2 0 7 0 1 3 0 1 0
0 1 0 7 3 0 1 1 1 7
4 0 1 6 4 2 0 0 0 3
2 3 0 5 4 3 3 1 1 6
3 3 1 2 4 0 1 1 0 6
4 0 0 1 2 0 1 0 0 4
3 0 0 4 3 2 2 0 0 2
0 2 0 2 4 3 3 1 0 4
1 1 1 6 7 0 3 1 0 0
3 1 1 0 2 0 0 1 0 0
0 0 0 7 7 0 3 1 1 0
3 1 0 1 6 1 0 1 0 0
4 3 0 2 5 0 1 1 0 6
0 0 0 1 2 3 0 1 1 2
3 2 0 0 3 0 2 1 1 0
2 2 1 3 2 0 4 1 1 5
4 0 1 1 6 3 4 0 0 3
4 3 1 3 5 0 0 1 0 1
4 0 0 0 3 3 2 0 1 1
2 1 0 7 1 3 3 0 1 4
3 1 1 3 3 3 2 0 0 4
3 3 0 4 6 2 2 0 1 0
1 3 1 4 3 0 1 0 0 4
3 3 0 2 5 0 4 1 0 0
3 0 0 2 0 3 1 0 1 3
4 1 0 0 1 1 3 0 0 2
2 3 1 2 5 2 4 1 1 5
1 1 0 5 3 0 0 1 1 5
0 3 0 7 2 0 4 0 0 2
1 1 1 7 5 1 0 0 0 7
1 0 1 4 0 0 4 1 1 4
4 0 1 2 3 3 3 1 1 1
0 0 0 4 0 3 3 0 1 2
2 2 1 2 0 1 2 1 1 7
1 0 0 4 0 3 4 1 0 0
4 3 1 1 6 0 1 1 1 1
0 0 0 5 0 2 4 1 1 0
2 2 1 4 4 0 3 0 0 6
2 1 1 2 2 0 1 0 0 4
3 1 1 5 5 1 2 1 1 7
0 2 0 6 1 2 0 0 0 6
3 2 0 4 5 1 3 0 0 5
2 0 1 0 1 2 4 1 1 5
4 0 0 2 1 0 1 0 0 4
1 3 0 5 5 0 1 0 0 1
0 1 0 2 4 2 2 1 1 5
4 0 1 7 7 1 1 0 1 7
3 3 1 2 4 1 3 0 0 4
1 2 1 2 5 1 1 1 1 6
4 2 1 1 5 3 4 0 0 2
4 1 0 7 2 2 1 1 0 7
4 3 0 1 2 2 0 0 1 7
3 3 1 0 2 3 1 1 1 5
1 2 0 3 0 2 0 0 1 7
2 1 1 7 3 1 0 1 1 1
0 3 1 7 4 1 4 1 1 7
3 3 1 0 6 1 0 0 0 1
1 3 1 1 4 2 2 1 1 2
1 0 1 4 7 2 4 0 1 6
# Disagreements
2 54
31 29
41 43
47 120
63 4
67 103
68 75
76 54
82 18
93 12
