# 200 tmembers, 40 teams, 10 attributes, 15 disagreements, 5 to 5 tmembers per team
200 40 10 15 5 5
# Attribute weight
100 90 80 70 60 50 40 30 20 10
# Labels associated to each tmember
2 1 2 1 1 1 1 0 0 3
1 2 1 1 0 2 0 3 1 7
1 2 4 0 0 3 7 1 1 1
1 2 1 0 1 1 0 3 1 0
1 1 3 0 1 1 5 0 1 6
0 0 0 0 0 2 3 1 0 3
1 0 1 0 1 2 1 2 0 6
2 3 2 1 0 1 7 3 1 0
0 0 2 1 0 1 7 1 0 3
0 0 2 1 1 0 2 3 0 3
1 2 2 0 1 0 1 1 1 6
3 1 4 1 0 3 7 0 1 2
3 1 3 0 0 0 7 3 0 5
1 2 0 1 0 2 6 0 1 5
3 1 2 1 0 0 3 2 1 7
3 0 4 0 0 1 7 4 0 7
0 1 0 1 0 3 4 3 1 3
2 3 1 1 0 0 6 0 1 7
1 0 0 1 1 0 7 4 0 0
0 3 4 0 0 3 3 4 0 6
0 1 1 1 0 0 2 1 1 1
0 3 4 1 1 1 1 4 0 2
2 0 4 1 1 1 2 3 0 0
0 0 1 1 0 2 4 0 1 5
1 3 1 0 0 3 3 0 1 3
2 3 1 1 0 3 0 0 1 2
1 0 3 1 1 0 0 2 0 2
0 1 3 1 0 3 3 2 1 5
2 0 2 1 0 0 6 3 0 0
0 1 2 0 1 3 4 3 1 1
3 0 4 1 0 3 0 2 0 3
3 2 1 1 0 0 7 0 0 0
3 2 4 0 1 1 7 1 0 1
1 0 2 1 1 1 2 1 0 7
1 2 3 1 1 3 6 4 0 3
2 1 2 0 0 0 2 0 0 6
3 2 1 0 1 3 1 4 0 7
2 3 1 1 0 2 7 4 1 5
0 3 2 1 1 3 2 3 0 1
0 0 4 0 0 1 1 2 0 2
2 1 3 1 1 1 5 2 1 4
3 2 1 0 0 3 7 2 0 5
2 1 4 0 0 3 0 1 0 5
0 2 1 1 1 2 0 2 0 3
3 1 0 1 1 0 0 1 0 2
0 0 0 0 1 3 7 1 1 2
3 2 0 0 1 2 6 2 1 2
1 3 0 1 0 2 5 3 1 7
1 0 0 1 1 0 2 3 1 7
0 0 2 1 0 0 5 0 0 2
2 1 3 1 1 3 1 3 1 2
1 2 3 1 1 3 5 4 1 4
1 0 1 0 1 1 0 3 1 2
0 0 4 1 1 0 7 4 1 4
1 3 0 1 1 2 2 0 1 0
2 3 2 0 0 0 3 1 1 3
3 3 4 1 1 1 2 2 0 5
3 2 0 1 0 1 6 1 0 7
3 0 0 1 1 0 2 0 1 6
1 3 1 0 1 0 1 0 1 6
2 1 3 0 0 3 3 1 1 6
0 2 0 1 1 0 7 4 1 1
3 3 0 1 1 2 3 2 0 0
1 3 0 0 0 2 3 4 0 1
1 1 4 0 0 3 5 3 1 2
0 0 1 1 0 2 5 0 1 5
3 3 0 1 1 1 1 4 1 7
1 1 4 0 1 3 4 3 0 2
1 0 1 1 1 0 1 1 0 1
0 3 3 1 0 2 7 2 0 0
3 1 2 0 1 0 7 3 0 4
2 0 2 1 0 1 4 2 0 7
3 1 2 0 0 1 3 4 0 6
0 2 4 0 1 1 3 0 0 0
2 2 1 1 0 0 1 2 0 6
3 1 2 1 1 1 6 2 0 7
0 1 2 0 1 3 3 1 0 5
3 0 3 1 1 3 6 4 1 6
2 0 4 0 0 0 0 0 1 5
0 3 0 1 1 0 2 2 0 5
2 0 0 0 0 2 4 4 1 2
2 1 2 1 0 0 5 3 0 6
2 2 4 0 0 2 2 0 0 5
2 1 2 1 0 0 2 4 0 5
2 1 2 1 0 3 1 2 1 1
2 3 4 1 0 1 3 2 1 5
2 1 3 0 0 0 4 1 1 7
1 2 0 1 1 1 4 3 1 4
1 0 2 0 0 2 1 2 0 4
3 3 0 1 1 3 3 4 0 4
3 3 3 0 1 1 5 4 0 7
2 3 1 0 0 0 2 3 1 6
3 1 3 1 1 0 0 1 1 3
2 2 0 1 0 0 5 4 0 5
3 1 4 1 1 0 1 3 1 1
2 2 1 0 1 0 7 0 1 7
1 1 0 1 0 1 5 4 0 5
1 3 1 0 1 1 3 3 0 0
2 1 2 1 0 2 4 0 0 5
1 3 4 0 0 2 2 4 0 7
0 0 2 1 0 0 3 1 0 7
1 1 2 0 1 0 5 3 0 5
1 2 2 1 1 3 2 2 0 3
3 0 0 0 0 2 6 1 0 4
0 2 4 1 1 3 0 1 0 0
2 2 2 0 0 1 0 3 0 3
0 2 4 1 1 1 3 4 1 7
3 0 0 0 0 1 3 0 1 6
0 0 3 1 1 3 6 2 0 7
2 0 2 1 1 3 3 0 1 1
3 2 4 0 0 0 6 0 1 7
2 1 1 0 1 0 0 0 0 1
1 0 1 1 0 3 1 2 1 1
1 2 1 1 0 1 5 3 1 1
3 2 0 1 0 0 0 2 0 1
1 0 0 1 0 1 6 3 0 5
3 3 3 0 1 2 7 1 0 3
3 0 4 1 1 1 1 1 0 0
1 3 3 0 1 0 4 2 0 2
3 0 2 1 0 0 6 3 0 0
2 0 2 0 0 3 6 0 0 3
2 2 3 1 1 0 4 4 1 6
0 2 0 0 0 0 2 2 1 4
0 2 4 0 0 1 2 1 0 5
1 2 3 1 0 0 3 0 0 0
0 1 0 0 0 2 4 2 1 6
1 0 2 0 0 1 6 2 0 7
2 2 0 0 1 0 0 0 0 3
0 3 4 0 0 0 3 3 1 7
0 3 4 1 0 2 4 4 1 3
2 3 3 0 0 2 7 4 0 7
0 3 3 0 0 1 5 4 1 6
2 0 1 0 0 0 1 1 1 7
2 0 2 0 0 2 4 2 1 4
1 0 2 0 0 1 5 2 0 3
3 0 1 0 0 1 4 2 0 1
3 1 4 0 0 2 3 1 0 2
3 2 1 0 1 3 1 4 0 7
2 1 1 1 1 0 0 2 0 7
2 0 2 0 0 0 3 1 1 0
0 0 4 0 0 1 4 1 0 4
1 3 1 0 0 1 5 4 0 6
2 0 1 0 1 0 1 3 0 7
1 1 4 0 0 2 3 1 1 1
3 2 1 1 1 3 3 0 0 2
1 1 0 0 1 3 1 1 0 3
0 0 4 0 0 2 3 1 1 5
3 1 1 0 0 0 2 3 0 3
2 0 0 0 1 3 7 3 0 0
2 3 1 0 1 3 5 1 0 2
0 2 0 0 1 1 3 2 1 3
1 2 3 1 1 2 3 2 1 0
0 2 1 0 0 0 4 3 1 1
2 2 4 1 1 3 4 1 0 5
2 3 1 1 0 0 7 2 0 6
0 1 3 0 0 1 5 1 1 2
1 0 0 0 1 3 7 2 0 7
2 1 3 1 0 1 1 4 1 7
2 1 3 1 0 2 2 4 1 6
1 3 1 0 1 0 4 0 1 7
0 1 2 1 1 1 5 0 0 3
0 1 1 1 0 0 3 3 0 4
1 2 2 0 1 3 0 1 1 3
2 3 0 0 0 0 5 0 0 0
0 0 0 0 0 3 5 3 0 2
2 3 0 1 1 3 4 3 0 5
3 0 1 1 0 2 1 2 1 6
3 1 2 1 0 2 2 3 0 5
1 3 3 1 1 2 5 4 0 6
0 0 1 1 0 0 2 0 0 7
2 0 0 1 1 1 0 2 0 6
1 0 2 0 0 3 3 3 0 7
0 3 3 1 1 2 6 1 0 6
0 2 1 1 0 3 3 4 1 2
1 3 3 0 1 2 2 3 0 2
2 2 1 0 1 1 6 1 1 5
1 0 2 0 0 0 3 4 1 5
0 3 2 1 0 1 2 4 1 1
0 2 3 1 1 1 4 0 1 0
2 2 4 1 0 3 7 4 0 3
3 2 4 0 0 3 2 3 0 2
1 1 3 0 1 1 1 3 1 3
3 1 3 0 1 2 1 4 0 2
2 1 3 1 1 2 5 2 0 2
1 2 3 1 0 1 7 1 0 6
3 3 0 1 0 1 4 3 1 7
2 0 3 0 0 1 6 4 1 3
0 1 3 0 0 1 1 4 1 1
0 3 2 0 0 2 4 4 0 3
1 1 0 1 0 0 1 4 0 4
1 1 4 1 0 1 2 0 0 6
2 2 1 1 1 0 5 4 1 5
2 3 3 0 0 0 6 0 0 7
1 3 0 1 1 2 1 0 0 0
2 3 4 1 0 1 3 2 0 5
3 1 1 1 1 0 2 4 0 5
1 2 4 1 0 1 4 3 0 1
3 2 2 1 0 2 6 4 1 0
2 0 4 1 0 1 2 1 1 7
2 0 0 0 1 2 0 1 0 7
# Disagreements
11 64
37 85
57 45
59 79
59 183
79 59
103 59
103 83
103 136
138 151
140 142
141 88
175 22
177 82
186 181
